1 0.0410821 0.562825 0.078056 0.0616232 0.825751
1 0.131463 0.673747 0.0534068 0.0534068 0.825751
1 0.451903 0.817534 0.057515 0.0534068 0.825751
1 0.193086 0.661422 0.0739478 0.0534068 0.772344
1 0.287575 0.772344 0.0657314 0.0657314 0.772344
1 0.340982 0.562825 0.0903807 0.0575149 0.772344
1 0.164329 0.406713 0.078056 0.0492986 0.714829
1 0.246493 0.456012 0.0739478 0.0657314 0.714829
1 0.197194 0.492986 0.0534068 0.0657314 0.714829
1 0.110922 0.632665 0.0410821 0.0410821 0.714829
1 0.0246493 0.632665 0.0492986 0.0657314 0.714829
1 0.739478 0.916131 0.0780561 0.0739479 0.714829
1 0.673747 0.957214 0.0534068 0.0534067 0.714829
1 0.899699 0.11503 0.0575149 0.057515 0.649098
0 0.488877 0.188978 0.0534068 0.0616232 0.649098
1 0.39028 0.324549 0.0698396 0.0616232 0.649098
1 0.0410821 0.517635 0.0410821 0.0451903 0.649098
1 0.825751 0.525851 0.0657314 0.0534068 0.649098
1 0.258817 0.616232 0.0492986 0.0657314 0.649098
1 0.903807 0.903807 0.057515 0.0698397 0.649098
0 0.188978 0.57515 0.119138 0.106814 0.649098
1 0.225952 0.0451903 0.0698396 0.0821643 0.579258
1 0.985971 0.139679 0.0246492 0.0492985 0.579258
1 0.106814 0.258817 0.0534068 0.0534068 0.579258
1 0.0944889 0.316332 0.0780561 0.0575149 0.579258
1 0.0903807 0.591583 0.0657314 0.0534068 0.579258
1 0.940781 0.96543 0.0698397 0.0657314 0.579258
1 0.398497 0.50531 0.0821642 0.0780561 0.579258
0 0.320441 0.62034 0.0821643 0.0739478 0.579258
1 0.386172 0.96543 0.106814 0.0616232 0.579258
1 0.973472 0.11503 0.0530569 0.0369739 0.501202
1 0.961322 0.2999 0.0698396 0.0616232 0.501202
1 0.92024 0.340982 0.0657314 0.0616232 0.501202
0 0.558717 0.382064 0.0616232 0.0616232 0.501202
1 0.131463 0.464228 0.0739478 0.0534068 0.501202
1 0.164329 0.62034 0.0328657 0.0369739 0.501202
1 0.546392 0.649098 0.0410821 0.0534068 0.501202
1 0.308116 0.985971 0.0575149 0.0246492 0.501202
1 0.0780561 0.394388 0.131463 0.102705 0.501202
1 0.316332 0.698396 0.0410822 0.0369739 0.501202
1 0.92024 0.595691 0.110922 0.131463 0.501202
0 0.542284 0.0862725 0.0575149 0.0657314 0.423146
0 0.340982 0.0657314 0.0534068 0.0534068 0.423146
0 0.583366 0.0985971 0.0451904 0.0534068 0.423146
1 0.258817 0.69018 0.0739479 0.0698396 0.423146
1 0.0338928 0.287575 0.0677855 0.11503 0.423146
1 0.653206 0.887374 0.11503 0.102705 0.423146
1 0.854508 0.0164328 0.0287575 0.0246493 0.353306
1 0.940781 0.0821643 0.0575149 0.0410821 0.353306
1 0.891482 0.238276 0.0616232 0.057515 0.353306
1 0.944889 0.254709 0.0410822 0.0410822 0.353306
1 0.891482 0.386172 0.0328657 0.0410821 0.353306
1 0.078056 0.476553 0.0410821 0.0451903 0.353306
1 0.0164328 0.517635 0.0246493 0.0492986 0.353306
1 0.525851 0.714829 0.0451903 0.0451903 0.353306
0 0.398497 0.0534068 0.0821642 0.102705 0.353306
0 0.414929 0.156112 0.0862725 0.0739478 0.353306
1 0.973646 0.193086 0.0492984 0.0616232 0.353306
1 0.50531 0.246493 0.0616232 0.0780561 0.353306
1 0.899699 0.628556 0.0698396 0.0657314 0.353306
1 0.213627 0.743587 0.0985971 0.0698396 0.353306
1 0.291683 0.328657 0.164329 0.201302 0.353306
0 0.456012 0.0164328 0.0780561 0.0246493 0.283467
1 0.283467 0.0338928 0.0534068 0.0677855 0.283467
1 0.193086 0.435471 0.0451903 0.0492986 0.283467
1 0.283467 0.521743 0.0616232 0.0780561 0.283467
1 0.283467 0.534068 0.0616232 0.0410821 0.283467
1 0.361523 0.673747 0.0534068 0.0862724 0.283467
1 0.143787 0.792885 0.0821643 0.0862725 0.283467
1 0.147896 0.903807 0.0410821 0.036974 0.283467
1 0.772344 0.961322 0.0451903 0.0369739 0.283467
1 0.879158 0.961322 0.0657314 0.0698396 0.283467
0 0.468336 0.110922 0.11503 0.0944889 0.283467
0 0.924348 0.18487 0.078056 0.0739478 0.283467
1 0.106814 0.529959 0.0944889 0.0616232 0.283467
1 0.164329 0.628557 0.0369739 0.036974 0.283467
1 0.0451903 0.677855 0.0903807 0.0616232 0.283467
1 0.973472 0.0287575 0.0530569 0.0451903 0.225952
1 0.5505 0.0287575 0.0698397 0.0534068 0.225952
1 0.817534 0.0287575 0.0492985 0.0328657 0.225952
1 0.981863 0.0821643 0.0287575 0.0451903 0.225952
0 0.747695 0.209519 0.0534068 0.057515 0.225952
1 0.0164329 0.476553 0.0287575 0.0287575 0.225952
0 0.97758 0.677855 0.0448405 0.0534068 0.225952
1 0.0205411 0.764128 0.0328657 0.036974 0.225952
1 0.0164329 0.833967 0.0205411 0.0903807 0.225952
1 0.147896 0.870941 0.0287575 0.0246492 0.225952
1 0.201302 0.883266 0.0534068 0.0616232 0.225952
1 0.0862725 0.916131 0.0903807 0.0698396 0.225952
1 0.5505 0.990079 0.0534068 0.0164327 0.225952
1 0.768236 0.989904 0.0821643 0.0201912 0.225952
0 0.447795 0.0123246 0.0821643 0.0246493 0.225952
1 0.96543 0.899699 0.0616232 0.0985972 0.225952
