1 0.89559 0.770006 0.152004 0.268403 0.825751
1 0.443687 0.857648 0.11503 0.120508 0.825751
1 0.702504 0.961722 0.119138 0.071209 0.825751
1 0.488877 0.704274 0.0492986 0.0931195 0.772344
1 0.23006 0.194856 0.11503 0.142418 0.772344
1 0.431362 0.73714 0.078056 0.147896 0.772344
1 0.62034 0.813827 0.0698397 0.120508 0.714829
1 0.632665 0.906946 0.0616232 0.071209 0.714829
1 0.542284 0.808349 0.110922 0.13694 0.714829
1 0.571042 0.71523 0.0739478 0.0766866 0.649098
1 0.562825 0.885036 0.0903807 0.104075 0.649098
1 0.427254 0.96032 0.0739478 0.0793597 0.649098
1 0.172545 0.964428 0.11503 0.0711433 0.649098
1 0.817534 0.0469604 0.135571 0.0931195 0.649098
1 0.513527 0.107214 0.057515 0.0876419 0.579258
1 0.476553 0.353707 0.057515 0.071209 0.579258
1 0.406713 0.446826 0.0616232 0.0985971 0.579258
1 0.558717 0.969906 0.0616232 0.060188 0.579258
1 0.616232 0.968537 0.0698397 0.0629268 0.579258
1 0.612124 0.249632 0.0944889 0.13694 0.579258
0 0.973646 0.693319 0.0492984 0.219105 0.579258
1 0.887374 0.939812 0.0944889 0.109552 0.579258
1 0.221843 0.813827 0.147896 0.257448 0.579258
1 0.521743 0.27702 0.0862724 0.11503 0.501202
1 0.501202 0.627588 0.0492986 0.0438209 0.501202
1 0.110922 0.726185 0.0657314 0.104075 0.501202
1 0.484769 0.233199 0.057515 0.0602538 0.353306
1 0.743587 0.802872 0.0575149 0.0657314 0.353306
1 0.250601 0.961722 0.0451903 0.071209 0.353306
1 0.0698396 0.556379 0.102705 0.125985 0.353306
1 0.328657 0.759051 0.16022 0.235537 0.353306
1 0.492986 0.94529 0.0657315 0.0876419 0.283467
1 0.681963 0.968537 0.0862724 0.0629268 0.283467
1 0.447795 0.616633 0.0575149 0.11503 0.283467
0 0.332765 0.759051 0.156112 0.235537 0.283467
1 0.0903807 0.868603 0.152004 0.191717 0.283467
1 0.308116 0.961722 0.11503 0.071209 0.283467
1 0.320441 0.968537 0.0944889 0.0629268 0.225952
1 0.501202 0.0360052 0.078056 0.071209 0.225952
1 0.513527 0.424916 0.139679 0.158851 0.225952
1 0.168437 0.589245 0.131463 0.208149 0.225952
0 0.907915 0.222244 0.176653 0.323179 0.225952
