1 0.936673 0.339524 0.0780559 0.115259 0.862725
1 0.217735 0.787 0.0410821 0.0949191 0.862725
1 0.110922 0.692081 0.152004 0.223738 0.862725
1 0.188978 0.69208 0.0328657 0.0949191 0.825751
1 0.0287575 0.868359 0.0451903 0.135599 0.772344
1 0.529959 0.868359 0.0534068 0.0745793 0.772344
1 0.197194 0.909039 0.0698396 0.162719 0.772344
1 0.928456 0.203925 0.0821642 0.135599 0.714829
1 0.903807 0.414103 0.0492985 0.0949191 0.714829
1 0.488877 0.73276 0.0534068 0.108479 0.714829
1 0.283467 0.393763 0.0328657 0.0542395 0.649098
1 0.953105 0.441223 0.0451904 0.0745793 0.649098
1 0.825751 0.217485 0.0944889 0.162719 0.649098
0 0.706613 0.332744 0.0821643 0.176278 0.649098
1 0.595691 0.420883 0.0492985 0.0813593 0.579258
0 0.340982 0.631061 0.0328657 0.0677993 0.579258
1 0.842184 0.644621 0.0410822 0.0745793 0.579258
0 0.677855 0.698861 0.0451903 0.101699 0.579258
0 0.702504 0.73276 0.0328657 0.0610195 0.579258
0 0.731262 0.76666 0.0287575 0.0542395 0.579258
1 0.694288 0.848019 0.057515 0.0813592 0.579258
0 0.571042 0.75988 0.0903807 0.135599 0.579258
1 0.106814 0.902259 0.131463 0.183058 0.579258
1 0.410821 0.325964 0.0410821 0.0813593 0.501202
1 0.0246493 0.549702 0.0410821 0.149159 0.501202
0 0.595691 0.651401 0.0451903 0.0813593 0.501202
0 0.747695 0.617501 0.0369739 0.0677993 0.501202
1 0.435471 0.678521 0.0287575 0.0610195 0.501202
1 0.858616 0.698861 0.0369739 0.0610195 0.501202
0 0.653206 0.73954 0.0328657 0.0542395 0.501202
1 0.172545 0.77344 0.0534068 0.0949191 0.501202
0 0.649098 0.80056 0.0492986 0.0745793 0.501202
1 0.464228 0.834459 0.0287575 0.0745793 0.501202
0 0.640881 0.258164 0.0821643 0.142379 0.501202
0 0.447795 0.441223 0.11503 0.223738 0.501202
0 0.649098 0.597161 0.0616232 0.101699 0.501202
1 0.653206 0.0479864 0.0534068 0.0949192 0.423146
1 0.246493 0.278504 0.0328657 0.0745793 0.423146
1 0.772344 0.319184 0.0451904 0.0745793 0.423146
1 0.603907 0.359864 0.0410821 0.0610195 0.423146
1 0.287575 0.481903 0.0328657 0.0881393 0.423146
1 0.320441 0.529362 0.0410822 0.0745793 0.423146
0 0.2999 0.583602 0.0410822 0.0745793 0.423146
1 0.246493 0.664961 0.0328657 0.108479 0.423146
1 0.751803 0.78022 0.0328657 0.0677993 0.423146
1 0.468336 0.848019 0.0328657 0.101699 0.423146
1 0.858616 0.319184 0.0657314 0.128819 0.423146
1 0.394388 0.651401 0.0534068 0.0949191 0.423146
0 0.599799 0.827679 0.0534068 0.115259 0.423146
1 0.73537 0.042638 0.0616232 0.0852761 0.353306
1 0.468336 0.244605 0.0616232 0.0949192 0.353306
0 0.258817 0.346304 0.0287575 0.0542395 0.353306
1 0.784669 0.441223 0.0698396 0.122039 0.353306
1 0.123246 0.515802 0.0739478 0.108479 0.353306
0 0.00924348 0.0547663 0.018487 0.101699 0.353306
0 0.456012 0.136126 0.11503 0.142379 0.353306
1 0.127355 0.285284 0.0985971 0.183058 0.353306
0 0.858616 0.312404 0.0698396 0.128819 0.353306
0 0.217735 0.373423 0.0492986 0.0745793 0.353306
0 0.858616 0.468343 0.0698396 0.142379 0.353306
0 0.188978 0.603941 0.0328657 0.0542395 0.353306
0 0.0164329 0.049418 0.0205411 0.0988359 0.283467
1 0.193086 0.298844 0.0369739 0.0610194 0.283467
1 0.801102 0.353084 0.0410822 0.0542395 0.283467
1 0.513527 0.407323 0.0492986 0.108479 0.283467
1 0.332765 0.393763 0.0451903 0.0881393 0.283467
1 0.119138 0.414103 0.0534068 0.0745793 0.283467
1 0.989904 0.434443 0.0201912 0.101699 0.283467
1 0.858616 0.461563 0.0698396 0.142379 0.283467
0 0.698396 0.631061 0.0246492 0.0474596 0.283467
1 0.0205411 0.70564 0.0246493 0.0813593 0.283467
1 0.792885 0.76666 0.0451904 0.0881393 0.283467
1 0.513527 0.80734 0.036974 0.0610195 0.283467
1 0.0287575 0.956498 0.0534068 0.0745793 0.283467
0 0.961322 0.0886661 0.0739479 0.122039 0.283467
1 0.258817 0.353084 0.0287575 0.0542395 0.283467
0 0.603907 0.515802 0.0657314 0.101699 0.283467
0 0.681963 0.522582 0.0616232 0.108479 0.283467
1 0.410821 0.820899 0.0780561 0.189838 0.283467
0 0.743586 0.81412 0.0328657 0.0406796 0.283467
0 0.591583 0.940959 0.0862725 0.118081 0.283467
1 0.829859 0.949434 0.078056 0.101131 0.283467
1 0.603907 0.095446 0.0492986 0.0745793 0.225952
1 0.80521 0.359864 0.057515 0.0610195 0.225952
1 0.817534 0.346304 0.0328657 0.0610195 0.225952
0 0.554609 0.407323 0.036974 0.0745793 0.225952
1 0.632665 0.678521 0.0369739 0.0610195 0.225952
1 0.718937 0.671741 0.0328657 0.0610195 0.225952
1 0.743586 0.698861 0.0410821 0.0949191 0.225952
1 0.00821643 0.72598 0.00410821 0.0949191 0.225952
1 0.361523 0.264944 0.057515 0.135599 0.225952
0 0.78056 0.448003 0.078056 0.122039 0.225952
0 0.254709 0.481903 0.0410821 0.0745793 0.225952
0 0.760019 0.542922 0.0410821 0.0474596 0.225952
1 0.246493 0.556482 0.0492986 0.0881393 0.225952
0 0.636773 0.678521 0.0369739 0.0610195 0.225952
